==================================
trail： previousresearch_2_1
n_target： 210
n_source1： 54
n_source2： 36
mean： 3.9830074777973037
MSE： 20.56324525928879
bias： 2.9830074777973037
variance： 11.664911646694152
sd： 3.41539333703955
weight_mean_1: [0.54228118 0.47784001 0.51940896 0.46614869 0.55107682 0.4557035
 0.45729556 0.48805521 0.51702368 0.50451714 0.55459848 0.45933297
 0.52289916 0.58695176 0.59381398 0.51570551 0.45696815 0.51795001
 0.559768   0.50794422 0.56388761 0.44767635 0.52301869 0.5058399
 0.53535126 0.48874845 0.55788763 0.59453783 0.5343452  0.55174238
 0.48137668 0.55261471 0.56545817 0.54145356 0.57252776 0.46978992
 0.53709333 0.48051624 0.54489672 0.53165709 0.5342113  0.50322309
 0.57912721 0.50217674 0.48946131 0.52388263 0.38376244 0.56511252
 0.51289894 0.52028935 0.49102575 0.43690596 0.55362172 0.53296136
 0.46352406 0.48268937 0.50857031 0.51358323 0.4871901  0.5009337
 0.51054464 0.61478597 0.49509723 0.56419457 0.55877576 0.49725073
 0.64574829 0.5152808  0.53311013 0.51037628 0.43530598 0.50522375
 0.47991319 0.46103467 0.52548889 0.51497678 0.54725694 0.44188781
 0.51429997 0.47334289 0.51465136 0.61270452 0.53985045 0.49543594
 0.53878524 0.47529057 0.43310506 0.55619141 0.5116783  0.56920115
 0.47899034 0.54492705 0.5310347  0.44704796 0.55753103 0.54264191
 0.54696285 0.51199285 0.53138569 0.56848271]
weight_mean_2: [0.45771882 0.52215999 0.48059104 0.53385131 0.44892318 0.5442965
 0.54270444 0.51194479 0.48297632 0.49548286 0.44540152 0.54066703
 0.47710084 0.41304824 0.40618602 0.48429449 0.54303185 0.48204999
 0.440232   0.49205578 0.43611239 0.55232365 0.47698131 0.4941601
 0.46464874 0.51125155 0.44211237 0.40546217 0.4656548  0.44825762
 0.51862332 0.44738529 0.43454183 0.45854644 0.42747224 0.53021008
 0.46290667 0.51948376 0.45510328 0.46834291 0.4657887  0.49677691
 0.42087279 0.49782326 0.51053869 0.47611737 0.61623756 0.43488748
 0.48710106 0.47971065 0.50897425 0.56309404 0.44637828 0.46703864
 0.53647594 0.51731063 0.49142969 0.48641677 0.5128099  0.4990663
 0.48945536 0.38521403 0.50490277 0.43580543 0.44122424 0.50274927
 0.35425171 0.4847192  0.46688987 0.48962372 0.56469402 0.49477625
 0.52008681 0.53896533 0.47451111 0.48502322 0.45274306 0.55811219
 0.48570003 0.52665711 0.48534864 0.38729548 0.46014955 0.50456406
 0.46121476 0.52470943 0.56689494 0.44380859 0.4883217  0.43079885
 0.52100966 0.45507295 0.4689653  0.55295204 0.44246897 0.45735809
 0.45303715 0.48800715 0.46861431 0.43151729]
==================================
trail： previousresearch_2_2
n_target： 210
n_source1： 54
n_source2： 36
mean： 5.814849212684155
MSE： 34.148429600704006
bias： 4.814849212684155
variance： 10.965656659818785
sd： 3.311443289536873
weight_mean_1: [0.5711222  0.47063148 0.5261152  0.47397248 0.56462635 0.44939469
 0.45259074 0.47915675 0.51713399 0.50782765 0.56711222 0.44823697
 0.52328505 0.58192034 0.59578765 0.49697801 0.46077388 0.51437667
 0.54559349 0.52536777 0.56845477 0.44065155 0.5418789  0.49933872
 0.5216942  0.49382474 0.57341149 0.58693726 0.5250735  0.5365092
 0.49332113 0.54479828 0.55461097 0.52168519 0.56827058 0.45703878
 0.52695827 0.51145603 0.55074211 0.54171962 0.54108222 0.49264089
 0.57453941 0.4894668  0.48498303 0.50053585 0.37890317 0.55877511
 0.50477549 0.51482313 0.51395534 0.43510645 0.5479154  0.52336974
 0.48100816 0.47443074 0.4952306  0.52998373 0.47862324 0.50264037
 0.4905113  0.60670585 0.52291654 0.56457002 0.54347293 0.48849558
 0.64150658 0.50158804 0.52337979 0.49634131 0.43115795 0.49883111
 0.47179143 0.44971489 0.51611893 0.51010826 0.53070508 0.42867157
 0.53335923 0.49654333 0.51576084 0.60217854 0.53981889 0.47895717
 0.53430719 0.46201822 0.43285482 0.55130256 0.53193115 0.56257455
 0.464897   0.54935904 0.52367869 0.44568744 0.55487508 0.51842411
 0.57075556 0.50599129 0.54445157 0.59435876]
weight_mean_2: [0.4288778  0.52936852 0.4738848  0.52602752 0.43537365 0.55060531
 0.54740926 0.52084325 0.48286601 0.49217235 0.43288778 0.55176303
 0.47671495 0.41807966 0.40421235 0.50302199 0.53922612 0.48562333
 0.45440651 0.47463223 0.43154523 0.55934845 0.4581211  0.50066128
 0.4783058  0.50617526 0.42658851 0.41306274 0.4749265  0.4634908
 0.50667887 0.45520172 0.44538903 0.47831481 0.43172942 0.54296122
 0.47304173 0.48854397 0.44925789 0.45828038 0.45891778 0.50735911
 0.42546059 0.5105332  0.51501697 0.49946415 0.62109683 0.44122489
 0.49522451 0.48517687 0.48604466 0.56489355 0.4520846  0.47663026
 0.51899184 0.52556926 0.5047694  0.47001627 0.52137676 0.49735963
 0.5094887  0.39329415 0.47708346 0.43542998 0.45652707 0.51150442
 0.35849342 0.49841196 0.47662021 0.50365869 0.56884205 0.50116889
 0.52820857 0.55028511 0.48388107 0.48989174 0.46929492 0.57132843
 0.46664077 0.50345667 0.48423916 0.39782146 0.46018111 0.52104283
 0.46569281 0.53798178 0.56714518 0.44869744 0.46806885 0.43742545
 0.535103   0.45064096 0.47632131 0.55431256 0.44512492 0.48157589
 0.42924444 0.49400871 0.45554843 0.40564124]
==================================
trail： previousresearch_2_2
n_target： 240
n_source1： 36
n_source2： 24
mean： 5.481661953210408
MSE： 41.34221991804454
bias： 4.481661953210408
variance： 21.25692605519082
sd： 4.610523403605151
weight_mean_1: [0.4648508  0.58846515 0.52335871 0.53757354 0.55093699 0.54517682
 0.5007654  0.44348812 0.42753444 0.52865637 0.49186302 0.53458612
 0.4941286  0.62044853 0.57157839 0.45160467 0.51347054 0.49699699
 0.48976574 0.56812248 0.49871062 0.5727136  0.53343438 0.45670126
 0.4636518  0.53871187 0.54489563 0.52404349 0.49498645 0.62477304
 0.50011194 0.46090756 0.48229539 0.52549926 0.59556899 0.4827565
 0.4854111  0.47310378 0.50942676 0.46030566 0.42238824 0.55217065
 0.57125894 0.58351169 0.47389861 0.53182696 0.51889321 0.58353204
 0.49455618 0.45380446 0.4926027  0.48017978 0.54413218 0.40632359
 0.55305992 0.54621991 0.4970498  0.50894875 0.53230337 0.56408693
 0.56628238 0.54063247 0.54630971 0.58380137 0.56105067 0.44538713
 0.62047942 0.48638352 0.51529553 0.53483777 0.53964642 0.55733353
 0.56287251 0.5491822  0.51574026 0.49527903 0.51846685 0.5504411
 0.42384402 0.4313563  0.51906349 0.56564769 0.49925635 0.59561099
 0.51217303 0.54840767 0.5158917  0.48097668 0.47381388 0.61599883
 0.47039475 0.54552858 0.40010052 0.56877315 0.4804405  0.53345436
 0.49580833 0.55310091 0.55735502 0.58301108]
weight_mean_2: [0.5351492  0.41153485 0.47664129 0.46242646 0.44906301 0.45482318
 0.4992346  0.55651188 0.57246556 0.47134363 0.50813698 0.46541388
 0.5058714  0.37955147 0.42842161 0.54839533 0.48652946 0.50300301
 0.51023426 0.43187752 0.50128938 0.4272864  0.46656562 0.54329874
 0.5363482  0.46128813 0.45510437 0.47595651 0.50501355 0.37522696
 0.49988806 0.53909244 0.51770461 0.47450074 0.40443101 0.5172435
 0.5145889  0.52689622 0.49057324 0.53969434 0.57761176 0.44782935
 0.42874106 0.41648831 0.52610139 0.46817304 0.48110679 0.41646796
 0.50544382 0.54619554 0.5073973  0.51982022 0.45586782 0.59367641
 0.44694008 0.45378009 0.5029502  0.49105125 0.46769663 0.43591307
 0.43371762 0.45936753 0.45369029 0.41619863 0.43894933 0.55461287
 0.37952058 0.51361648 0.48470447 0.46516223 0.46035358 0.44266647
 0.43712749 0.4508178  0.48425974 0.50472097 0.48153315 0.4495589
 0.57615598 0.5686437  0.48093651 0.43435231 0.50074365 0.40438901
 0.48782697 0.45159233 0.4841083  0.51902332 0.52618612 0.38400117
 0.52960525 0.45447142 0.59989948 0.43122685 0.5195595  0.46654564
 0.50419167 0.44689909 0.44264498 0.41698892]
==================================
trail： previousresearch_2_3
n_target： 240
n_source1： 36
n_source2： 24
mean： 6.463254808039019
MSE： 54.3470166720638
bias： 5.463254808039018
variance： 24.499863574502363
sd： 4.94973368723029
weight_mean_1: [0.47353324 0.57976489 0.53406261 0.53367806 0.56060449 0.5445589
 0.48871851 0.44562894 0.43618529 0.52988942 0.48137359 0.53775007
 0.50499682 0.61120414 0.55974894 0.44600079 0.51676047 0.4981897
 0.47958208 0.5684014  0.50140973 0.57252325 0.52401305 0.46605583
 0.49978648 0.54757362 0.55793975 0.51261467 0.49481376 0.64180105
 0.50874051 0.46012338 0.48033727 0.52325158 0.64852801 0.48099804
 0.52825444 0.47024988 0.49492283 0.50977714 0.4699819  0.53808818
 0.57877148 0.59879478 0.47159496 0.52565549 0.57088999 0.57771896
 0.50824379 0.46162589 0.47846988 0.48685687 0.53713411 0.40684503
 0.57175129 0.54547049 0.49351179 0.50826229 0.5331227  0.56840731
 0.55714427 0.52552841 0.53207331 0.57399771 0.5978018  0.47645406
 0.63961801 0.47146161 0.51475195 0.56534255 0.53143023 0.56470431
 0.55221001 0.560512   0.51076778 0.49934577 0.5093904  0.54072762
 0.41917947 0.44011896 0.53891472 0.57370745 0.49154094 0.60579425
 0.50997277 0.55676366 0.52917057 0.48846997 0.47845916 0.62418228
 0.5062663  0.55639033 0.39880107 0.57598894 0.48724807 0.53323913
 0.54814713 0.55087775 0.55139025 0.57025215]
weight_mean_2: [0.52646676 0.42023511 0.46593739 0.46632194 0.43939551 0.4554411
 0.51128149 0.55437106 0.56381471 0.47011058 0.51862641 0.46224993
 0.49500318 0.38879586 0.44025106 0.55399921 0.48323953 0.5018103
 0.52041792 0.4315986  0.49859027 0.42747675 0.47598695 0.53394417
 0.50021352 0.45242638 0.44206025 0.48738533 0.50518624 0.35819895
 0.49125949 0.53987662 0.51966273 0.47674842 0.35147199 0.51900196
 0.47174556 0.52975012 0.50507717 0.49022286 0.5300181  0.46191182
 0.42122852 0.40120522 0.52840504 0.47434451 0.42911001 0.42228104
 0.49175621 0.53837411 0.52153012 0.51314313 0.46286589 0.59315497
 0.42824871 0.45452951 0.50648821 0.49173771 0.4668773  0.43159269
 0.44285573 0.47447159 0.46792669 0.42600229 0.4021982  0.52354594
 0.36038199 0.52853839 0.48524805 0.43465745 0.46856977 0.43529569
 0.44778999 0.439488   0.48923222 0.50065423 0.4906096  0.45927238
 0.58082053 0.55988104 0.46108528 0.42629255 0.50845906 0.39420575
 0.49002723 0.44323634 0.47082943 0.51153003 0.52154084 0.37581772
 0.4937337  0.44360967 0.60119893 0.42401106 0.51275193 0.46676087
 0.45185287 0.44912225 0.44860975 0.42974785]
==================================
trail： previousresearch_2_3
n_target： 210
n_source1： 54
n_source2： 36
mean： 6.63191663466666
MSE： 43.69615316478384
bias： 5.63191663466666
variance： 11.977668184948776
sd： 3.4608767942457552
weight_mean_1: [0.58388937 0.47134163 0.51098207 0.5026991  0.57702759 0.45054011
 0.45416256 0.47859148 0.52808545 0.50634725 0.56487106 0.44468396
 0.530919   0.57804967 0.58542121 0.47949751 0.47902773 0.51924461
 0.53712216 0.54422137 0.58442755 0.4413363  0.53839412 0.50136483
 0.51329649 0.51166969 0.5806303  0.58601919 0.52167722 0.52450656
 0.51693797 0.54299909 0.54683599 0.50368124 0.57207877 0.44792952
 0.5206614  0.55673928 0.56166529 0.52437337 0.52848816 0.48915347
 0.57701969 0.48046151 0.48920475 0.47914207 0.38258473 0.55870625
 0.49707801 0.50828974 0.53937711 0.44380379 0.54945044 0.51994191
 0.46448175 0.47350401 0.48731292 0.51625689 0.47765536 0.51680851
 0.47428497 0.60509126 0.58021795 0.5737387  0.53304344 0.48703126
 0.64480174 0.49330654 0.52189723 0.48628518 0.43600458 0.50059102
 0.46963261 0.44384876 0.514374   0.51482506 0.51681268 0.41926303
 0.53852768 0.54002749 0.52385968 0.59777722 0.51486234 0.46680875
 0.53959628 0.45368837 0.43574452 0.55524783 0.55701354 0.56180677
 0.45541918 0.55537339 0.52292897 0.45415675 0.55347994 0.49315683
 0.56945657 0.50883382 0.55268559 0.62000763]
weight_mean_2: [0.41611063 0.52865837 0.48901793 0.4973009  0.42297241 0.54945989
 0.54583744 0.52140852 0.47191455 0.49365275 0.43512894 0.55531604
 0.469081   0.42195033 0.41457879 0.52050249 0.52097227 0.48075539
 0.46287784 0.45577863 0.41557245 0.5586637  0.46160588 0.49863517
 0.48670351 0.48833031 0.4193697  0.41398081 0.47832278 0.47549344
 0.48306203 0.45700091 0.45316401 0.49631876 0.42792123 0.55207048
 0.4793386  0.44326072 0.43833471 0.47562663 0.47151184 0.51084653
 0.42298031 0.51953849 0.51079525 0.52085793 0.61741527 0.44129375
 0.50292199 0.49171026 0.46062289 0.55619621 0.45054956 0.48005809
 0.53551825 0.52649599 0.51268708 0.48374311 0.52234464 0.48319149
 0.52571503 0.39490874 0.41978205 0.4262613  0.46695656 0.51296874
 0.35519826 0.50669346 0.47810277 0.51371482 0.56399542 0.49940898
 0.53036739 0.55615124 0.485626   0.48517494 0.48318732 0.58073697
 0.46147232 0.45997251 0.47614032 0.40222278 0.48513766 0.53319125
 0.46040372 0.54631163 0.56425548 0.44475217 0.44298646 0.43819323
 0.54458082 0.44462661 0.47707103 0.54584325 0.44652006 0.50684317
 0.43054343 0.49116618 0.44731441 0.37999237]
==================================
trail： previousresearch_2_2
n_target： 210
n_source1： 54
n_source2： 36
mean： 5.814849212684155
MSE： 34.148429600704006
bias： 4.814849212684155
variance： 10.965656659818785
sd： 3.311443289536873
weight_mean_1: [0.5711222  0.47063148 0.5261152  0.47397248 0.56462635 0.44939469
 0.45259074 0.47915675 0.51713399 0.50782765 0.56711222 0.44823697
 0.52328505 0.58192034 0.59578765 0.49697801 0.46077388 0.51437667
 0.54559349 0.52536777 0.56845477 0.44065155 0.5418789  0.49933872
 0.5216942  0.49382474 0.57341149 0.58693726 0.5250735  0.5365092
 0.49332113 0.54479828 0.55461097 0.52168519 0.56827058 0.45703878
 0.52695827 0.51145603 0.55074211 0.54171962 0.54108222 0.49264089
 0.57453941 0.4894668  0.48498303 0.50053585 0.37890317 0.55877511
 0.50477549 0.51482313 0.51395534 0.43510645 0.5479154  0.52336974
 0.48100816 0.47443074 0.4952306  0.52998373 0.47862324 0.50264037
 0.4905113  0.60670585 0.52291654 0.56457002 0.54347293 0.48849558
 0.64150658 0.50158804 0.52337979 0.49634131 0.43115795 0.49883111
 0.47179143 0.44971489 0.51611893 0.51010826 0.53070508 0.42867157
 0.53335923 0.49654333 0.51576084 0.60217854 0.53981889 0.47895717
 0.53430719 0.46201822 0.43285482 0.55130256 0.53193115 0.56257455
 0.464897   0.54935904 0.52367869 0.44568744 0.55487508 0.51842411
 0.57075556 0.50599129 0.54445157 0.59435876]
weight_mean_2: [0.4288778  0.52936852 0.4738848  0.52602752 0.43537365 0.55060531
 0.54740926 0.52084325 0.48286601 0.49217235 0.43288778 0.55176303
 0.47671495 0.41807966 0.40421235 0.50302199 0.53922612 0.48562333
 0.45440651 0.47463223 0.43154523 0.55934845 0.4581211  0.50066128
 0.4783058  0.50617526 0.42658851 0.41306274 0.4749265  0.4634908
 0.50667887 0.45520172 0.44538903 0.47831481 0.43172942 0.54296122
 0.47304173 0.48854397 0.44925789 0.45828038 0.45891778 0.50735911
 0.42546059 0.5105332  0.51501697 0.49946415 0.62109683 0.44122489
 0.49522451 0.48517687 0.48604466 0.56489355 0.4520846  0.47663026
 0.51899184 0.52556926 0.5047694  0.47001627 0.52137676 0.49735963
 0.5094887  0.39329415 0.47708346 0.43542998 0.45652707 0.51150442
 0.35849342 0.49841196 0.47662021 0.50365869 0.56884205 0.50116889
 0.52820857 0.55028511 0.48388107 0.48989174 0.46929492 0.57132843
 0.46664077 0.50345667 0.48423916 0.39782146 0.46018111 0.52104283
 0.46569281 0.53798178 0.56714518 0.44869744 0.46806885 0.43742545
 0.535103   0.45064096 0.47632131 0.55431256 0.44512492 0.48157589
 0.42924444 0.49400871 0.45554843 0.40564124]
==================================
trail： previousresearch_2_1
n_target： 210
n_source1： 54
n_source2： 36
mean： 3.9830074777973037
MSE： 20.56324525928879
bias： 2.9830074777973037
variance： 11.664911646694152
sd： 3.41539333703955
weight_mean_1: [0.54228118 0.47784001 0.51940896 0.46614869 0.55107682 0.4557035
 0.45729556 0.48805521 0.51702368 0.50451714 0.55459848 0.45933297
 0.52289916 0.58695176 0.59381398 0.51570551 0.45696815 0.51795001
 0.559768   0.50794422 0.56388761 0.44767635 0.52301869 0.5058399
 0.53535126 0.48874845 0.55788763 0.59453783 0.5343452  0.55174238
 0.48137668 0.55261471 0.56545817 0.54145356 0.57252776 0.46978992
 0.53709333 0.48051624 0.54489672 0.53165709 0.5342113  0.50322309
 0.57912721 0.50217674 0.48946131 0.52388263 0.38376244 0.56511252
 0.51289894 0.52028935 0.49102575 0.43690596 0.55362172 0.53296136
 0.46352406 0.48268937 0.50857031 0.51358323 0.4871901  0.5009337
 0.51054464 0.61478597 0.49509723 0.56419457 0.55877576 0.49725073
 0.64574829 0.5152808  0.53311013 0.51037628 0.43530598 0.50522375
 0.47991319 0.46103467 0.52548889 0.51497678 0.54725694 0.44188781
 0.51429997 0.47334289 0.51465136 0.61270452 0.53985045 0.49543594
 0.53878524 0.47529057 0.43310506 0.55619141 0.5116783  0.56920115
 0.47899034 0.54492705 0.5310347  0.44704796 0.55753103 0.54264191
 0.54696285 0.51199285 0.53138569 0.56848271]
weight_mean_2: [0.45771882 0.52215999 0.48059104 0.53385131 0.44892318 0.5442965
 0.54270444 0.51194479 0.48297632 0.49548286 0.44540152 0.54066703
 0.47710084 0.41304824 0.40618602 0.48429449 0.54303185 0.48204999
 0.440232   0.49205578 0.43611239 0.55232365 0.47698131 0.4941601
 0.46464874 0.51125155 0.44211237 0.40546217 0.4656548  0.44825762
 0.51862332 0.44738529 0.43454183 0.45854644 0.42747224 0.53021008
 0.46290667 0.51948376 0.45510328 0.46834291 0.4657887  0.49677691
 0.42087279 0.49782326 0.51053869 0.47611737 0.61623756 0.43488748
 0.48710106 0.47971065 0.50897425 0.56309404 0.44637828 0.46703864
 0.53647594 0.51731063 0.49142969 0.48641677 0.5128099  0.4990663
 0.48945536 0.38521403 0.50490277 0.43580543 0.44122424 0.50274927
 0.35425171 0.4847192  0.46688987 0.48962372 0.56469402 0.49477625
 0.52008681 0.53896533 0.47451111 0.48502322 0.45274306 0.55811219
 0.48570003 0.52665711 0.48534864 0.38729548 0.46014955 0.50456406
 0.46121476 0.52470943 0.56689494 0.44380859 0.4883217  0.43079885
 0.52100966 0.45507295 0.4689653  0.55295204 0.44246897 0.45735809
 0.45303715 0.48800715 0.46861431 0.43151729]
